[[1.0000000000000002, 0.9818993472442553, 0.9871453420825398, 0.9823339867171986, 0.8534818074456709, 0.7499040487265151, 0.7304916217075769, 0.8216157930842586, 0.9735368694950549, 0.7955061337241947, 0.8056121362001922, 0.7970031059120802, 0.8148039076806677, 0.789113923630856, 0.8238544159735969, 0.8017408835538677, 0.7924282774610604, 0.8153661122425645, 0.9780753065936882, 0.9840918162911213, 0.9812319746756143, 0.9774462267162756, 0.8141484720781665, 0.7981060910285052, 0.7702855048591859, 0.7973555516723616, 0.9694656691974596, 0.8871591962919833, 0.8381118656794845, 0.9725343049227926, 0.8682715869133836, 0.8334765846729592, 0.9716686506717516, 0.966515750105737, 0.09347518840380098, 0.10826051230990767, 0.04980335548498094, 0.11136420186534339, 0.11809593687641813, 0.11039856417483482, 0.11461531881868356, 0.10409820642623405, 0.07917314443138786, 0.09776086593452275, 0.13000664234525938, 0.1119934005935775, 0.11777204830381938, 0.12681257591343853, 0.11497531924577845, 0.112153558760558, 0.10181250877811207, 0.14331057324134328, 0.13524909261730422, 0.11386505858164277, 0.1160214248165045, 0.10175118023271211, 0.11239015380124985, 0.11944850679340219, 0.08332579989757571, 0.12439202708932687, 0.16184125063193458, 0.182933783693251, 0.1735134892703956, 0.19986312008462057, 0.17942030871675113, 0.15681459180715837, 0.19186938267141151, 0.16851831354154795, 0.16238738709554687, 0.14382629228651073, 0.12824299527125302, 0.15358238806791383, 0.14807746799899962, 0.10654376704018102, 0.14073165678936084, 0.1584394406431373, 0.14288243136799916, 0.13880187432703073, 0.12664806260703076, 0.14121251014504377, 0.15154243605884155, 0.12201200448338667, 0.1577487068097296, 0.15156875539212794, 0.1569988668646162, 0.12514604697453496, 0.12368974826511073, 0.1382927756413075, 0.11278822824250095, 0.13038916923826968, 0.14273796009072243, 0.12793175703275766, 0.1494709771599065, 0.22190335941386707, 0.2234068637067549, 0.2277070291472598, 0.2293360923240105, 0.24003792953644948, 0.2222850453298398, 0.23121860319111556, 0.2420269607715483, 0.2453122921380692, 0.2250252020836772], [0.9818993472442553, 0.9999999999999999, 0.9785559789048166, 0.9732667983131801, 0.8199102177618747, 0.7242020890611869, 0.690388462633534, 0.8002186879405273, 0.9662427210598784, 0.7909656228582356, 0.8001521626517377, 0.7893263313047131, 0.8146349046749226, 0.7744426626788554, 0.8059607968665765, 0.7979550642256321, 0.7816782065752084, 0.8055732172625756, 0.9799394731351896, 0.9832601835594823, 0.9765438844067194, 0.977090687900306, 0.8235614306896565, 0.8162856878061759, 0.7841554273647391, 0.8056870287674283, 0.962725021598033, 0.860164628852843, 0.7988006855075955, 0.9739250721520546, 0.886681068599172, 0.8319052563560675, 0.9757164156265407, 0.9592142630716725, 0.12141271320490991, 0.12077154353727333, 0.06833380120112731, 0.16326243702016496, 0.15753106304318687, 0.14991620304262085, 0.12252456801749488, 0.10560954719794093, 0.07869058643182031, 0.1014024948310293, 0.11461268634236609, 0.10814810767891464, 0.1119084157889022, 0.13940612414460513, 0.14174363846210306, 0.12893265496190798, 0.11890089800025581, 0.1690564576656036, 0.17281686042560987, 0.13191884568740606, 0.1332577361869888, 0.12048674705806654, 0.13384133955920594, 0.12585861913712285, 0.09442216428666583, 0.14013665491889615, 0.12794763793562108, 0.14809577885411637, 0.13463053678256207, 0.16684495219528475, 0.14259284336737632, 0.12914833959454247, 0.1494177102135817, 0.1438243495478985, 0.12713201422582476, 0.11896446502544819, 0.08298826101076448, 0.11883378166817414, 0.11732497448331393, 0.07196807373862492, 0.10997776641919893, 0.11834471074705769, 0.10580958201811247, 0.10101800812839737, 0.08384444811543969, 0.10680551846642507, 0.09800502763144682, 0.08069973174337773, 0.12622557312688987, 0.10352465219014526, 0.11902202503379802, 0.08337812508919189, 0.08886397300406426, 0.1057186858185772, 0.07271647437976556, 0.09147914062764093, 0.10373739627290447, 0.0933715199140608, 0.10457519644177476, 0.22856691885962918, 0.2266955492823396, 0.21724520360423824, 0.2221322065579463, 0.2269206764765494, 0.23760914662795904, 0.241178754954899, 0.25698073444548747, 0.25475555893019397, 0.22729770163502017], [0.9871453420825398, 0.9785559789048166, 1.0000000000000002, 0.9815216368289179, 0.8499200643226249, 0.7458530836903253, 0.7318249400589565, 0.8154689907980956, 0.9707682967121172, 0.783797946591304, 0.7977607239324529, 0.8012522165653186, 0.8173377171186167, 0.779819581794833, 0.8152358327741298, 0.8046014372723305, 0.786955092625658, 0.8115639905481462, 0.9804100320696872, 0.9832457611157999, 0.9758264969741822, 0.9720979686915862, 0.8199233417889993, 0.8118439266751962, 0.7776032456698412, 0.800976598096043, 0.9641761693950996, 0.8595111428742656, 0.8181694100373668, 0.9780280795392086, 0.85647244317253, 0.8090113388721343, 0.9632716714449062, 0.9585670037839804, 0.08811547144854834, 0.1122559011597542, 0.04348667394372968, 0.10952302914187315, 0.12545521257493508, 0.11960972625373367, 0.12280715104335982, 0.11240314146501125, 0.08816085912473456, 0.10517210947778909, 0.11188783762224086, 0.09895632084062629, 0.1033500378248788, 0.1349316023757062, 0.13384108028486125, 0.12654108968625377, 0.11487522982616101, 0.13268705806413222, 0.12856434445316386, 0.0902373877729977, 0.09241591223617146, 0.0759638479767532, 0.09160333222799559, 0.10641808273858391, 0.07890193219156993, 0.11174508882340037, 0.16123683059021465, 0.1814170845901857, 0.16727276025067314, 0.198334379988749, 0.18162296442940234, 0.1596889325408301, 0.18477047417032097, 0.17493092125961968, 0.16174953529432862, 0.15173256527370263, 0.07305764061386935, 0.10368178884276949, 0.10548430221485096, 0.051324603382541786, 0.08855693049228577, 0.11042221348792272, 0.09781187778485086, 0.08823108378511085, 0.07377988803147709, 0.09474922330992766, 0.095845973810048, 0.07625477818216046, 0.11051102645484398, 0.09808205535296795, 0.09715889497723187, 0.07633315434391921, 0.07460962997415004, 0.09618807999806632, 0.060553992403997225, 0.08520579174876745, 0.09673102131173555, 0.07909761320492674, 0.09738410211690994, 0.22626360026751005, 0.2286894888853486, 0.23126811847323467, 0.22950104153465162, 0.24033096854766323, 0.22663540064742968, 0.23975569819113718, 0.2567005365521825, 0.2595675483467181, 0.23113687098659644], [0.9823339867171986, 0.9732667983131801, 0.9815216368289179, 0.9999999999999996, 0.840084322774699, 0.7331413355989206, 0.7143385437829644, 0.8115209694521036, 0.9757578027683674, 0.7439796559817301, 0.7658234585112961, 0.7599922436181865, 0.7776794694683485, 0.74568593370897, 0.8564329785071925, 0.8444894423129652, 0.8351100741944207, 0.8552129250826664, 0.9742323515591288, 0.9797250442704349, 0.9811091906066187, 0.9690817004522295, 0.8283595895275776, 0.8081644590285398, 0.7841515506093157, 0.8005592233155865, 0.9682963259882303, 0.8958627490622236, 0.8433686386762752, 0.9777793396314756, 0.8596415244275613, 0.8035689991124736, 0.9601735636115952, 0.9663501254363864, 0.09960615349229308, 0.11298373230834756, 0.0421173487309624, 0.16083137263610495, 0.1810537533358397, 0.1749038294983632, 0.1072521832461455, 0.09495394276673645, 0.06817858940781907, 0.08742035466917131, 0.10015016045728921, 0.09975179894886717, 0.10847442976536396, 0.13932842160429187, 0.1375327965087945, 0.12371677639228383, 0.12138702395865013, 0.11363471014304165, 0.11656768431635334, 0.11981895757781669, 0.12130842491231549, 0.10304970991119745, 0.11976907355857967, 0.11610842782221759, 0.0903808319711962, 0.12572875359605912, 0.1899554795480608, 0.2046440400863956, 0.19321368178251064, 0.22308240073881674, 0.1981671750347971, 0.18224251768174768, 0.20931826066819392, 0.19211509884679703, 0.1905100553803225, 0.1755994030500244, 0.13889577967624367, 0.1627049671649062, 0.16295175564667685, 0.11756726130103948, 0.15974396571415256, 0.1738222853242697, 0.14787868327201992, 0.14538733369536094, 0.13036581025735994, 0.14902722629090998, 0.1505356112915916, 0.13299461351422387, 0.16313304442402404, 0.1573020038313127, 0.1592138247949688, 0.12674015853418158, 0.1390661746186214, 0.15179776933412603, 0.11546914088739417, 0.1461863683769688, 0.1515138023540581, 0.13107116446223868, 0.14952857796434924, 0.18530881191032106, 0.1871539644782898, 0.19831201235816148, 0.21113793620832816, 0.2215743734179337, 0.18008961786051486, 0.19698042690088988, 0.20222585863935236, 0.2076293775964532, 0.19685038659436357], [0.8534818074456709, 0.8199102177618747, 0.8499200643226249, 0.840084322774699, 0.9999999999999999, 0.9297095468850783, 0.9299802475100435, 0.9602298373918896, 0.8207712857252564, 0.7012432503875536, 0.6563265506671284, 0.6951709726737694, 0.6983881785354342, 0.6524656850753063, 0.6916296629313599, 0.7086162862891516, 0.6665607354169075, 0.6956937002894571, 0.8140109001030155, 0.8403780841234346, 0.8256739470510372, 0.8049605382458204, 0.6480054453405125, 0.6705567119125764, 0.6095821853843798, 0.6108155719250361, 0.833388427798503, 0.7516365334030095, 0.7160633587600482, 0.8516935238758196, 0.7511591321831884, 0.689320924601998, 0.780486503934859, 0.8390392110167255, 0.09681055138485346, 0.0890648319406525, 0.041417354474993374, 0.11325711316211778, 0.13530455290069843, 0.09071013738818436, 0.15731738564277192, 0.15074432844895974, 0.15699376664843054, 0.16008146647091545, 0.16315652341183848, 0.13332812506789551, 0.13600772989487828, 0.12036851886613674, 0.10082718149687882, 0.1153308388882202, 0.10171949674893645, 0.10615177157736397, 0.10807022122477003, 0.1716467559968871, 0.17974052591990855, 0.15305331590232513, 0.19239836097192595, 0.12870934235127707, 0.10853803073547459, 0.14725330517069762, 0.11941293235261334, 0.12133791512199067, 0.11167254482022616, 0.1518885042353744, 0.12213230429393847, 0.08805795483500925, 0.14312151080475174, 0.12422433421182531, 0.12543006053009545, 0.09946263944685112, 0.08719823084188562, 0.08767223348508642, 0.06936512437962884, 0.054338818479906424, 0.06429896788093951, 0.08420041088120712, 0.07795530708187637, 0.06984473836272691, 0.06356619524226305, 0.06790608047583277, 0.09346361532421688, 0.04694451843700724, 0.09654379203727559, 0.05978006723999875, 0.09837223507137659, 0.08558477737196588, 0.05704452895986686, 0.07244908767573982, 0.045947439751404674, 0.04805250943470859, 0.08099356995650876, 0.04525293837982756, 0.08235722669441185, 0.22531853500813326, 0.23410091192816296, 0.28350163429259795, 0.2661353014093541, 0.27531988701150156, 0.20363825548683967, 0.21913441530044142, 0.20191474445950489, 0.23029300627923247, 0.2332337480977378], [0.7499040487265151, 0.7242020890611869, 0.7458530836903253, 0.7331413355989206, 0.9297095468850783, 0.9999999999999998, 0.9671329977342366, 0.9680657124048924, 0.7099521406376738, 0.5944483582201423, 0.5566733357023983, 0.599594570530255, 0.609734515656643, 0.567707953298334, 0.6165737674699352, 0.6387592071170611, 0.5829734132856108, 0.6202789712624851, 0.7305659987589793, 0.7459593460129419, 0.743171938698608, 0.7001725301574243, 0.5676549034577999, 0.5910111344159065, 0.534893384771415, 0.5417092908649951, 0.7481729792507649, 0.6848417918136134, 0.6441602775340471, 0.7506980016216238, 0.651014270759634, 0.6040543535783546, 0.7128441149197716, 0.7497820109734302, 0.09107294678073688, 0.027463233253657668, -0.007019508456182036, 0.10684750010363046, 0.12517373352957595, 0.08168056798103374, 0.10676363827115352, 0.0959379418381846, 0.09904498917251685, 0.11032769550645613, 0.14526108806193738, 0.1332056033265603, 0.13970345681970875, 0.12607184705607952, 0.10428953017444259, 0.10546212497914195, 0.12104670764271647, 0.08476539147386837, 0.06532060502027966, 0.20722604219093055, 0.195190032293867, 0.15728829643782896, 0.2129658395950089, 0.0989039854592379, 0.07898115024607275, 0.12058595702451126, 0.10613025816970022, 0.12366605201809555, 0.09482305227065295, 0.1306811156733596, 0.10494913751600912, 0.0768820174632081, 0.12342852359005921, 0.10012910629019409, 0.11726984782779189, 0.10421437397595729, 0.10825105529552202, 0.0899847675666466, 0.08165761899743436, 0.06652645373843973, 0.07945239053307342, 0.08723997808532363, 0.07627994214855169, 0.07817678876394554, 0.07034665548345743, 0.07997504412711892, 0.10600874909494268, 0.04637487797498274, 0.09411202017750403, 0.07706094101586351, 0.11305253141793563, 0.098710932840117, 0.07759538768630843, 0.08766640056800161, 0.06447483524982754, 0.04594540073644942, 0.08999352892949604, 0.06585251389294897, 0.0799476063683407, 0.23115973507943016, 0.24807961249396804, 0.29958613511212256, 0.29404036375592035, 0.3079578470395007, 0.24786390530941138, 0.2515950424422244, 0.21555225568658018, 0.2522075364480821, 0.2469442118871438], [0.7304916217075769, 0.690388462633534, 0.7318249400589565, 0.7143385437829644, 0.9299802475100435, 0.9671329977342366, 0.9999999999999999, 0.9542995657685155, 0.699491217583734, 0.5859309881488031, 0.5314726854597087, 0.5858579785721433, 0.5946032965876386, 0.5542805281120944, 0.6173811594241448, 0.6196122800382604, 0.5734807077641927, 0.6093548938769732, 0.6985860715164255, 0.7098544143812118, 0.7100034080593796, 0.6844617125672907, 0.5418693245866796, 0.5576369137061071, 0.5025007940620497, 0.5105553476405085, 0.7212457346908642, 0.6574511446704991, 0.6406964445569914, 0.7336970031587882, 0.6314099358298919, 0.5728009480188668, 0.6778160809830615, 0.7235944386107248, 0.07324813002420301, 0.019791934872571706, -0.024299372218426103, 0.08832046605103976, 0.11601120576846298, 0.06448639106245396, 0.12717163785829064, 0.1469193386691988, 0.15394887500805238, 0.16261059294113, 0.1110983762288152, 0.09652604428338116, 0.09468025557248612, 0.13893200639676018, 0.12455618498042262, 0.12239528327175574, 0.1222753360077515, 0.10473670951727007, 0.07900939324197483, 0.16911231062721693, 0.15353051207279103, 0.11107997281161398, 0.16144038556277004, 0.09544733355301468, 0.0900711809386068, 0.11474909955262111, 0.10056981190162279, 0.12223309293724449, 0.10525526302196148, 0.1297627504261513, 0.11605648047059594, 0.07888872923874209, 0.13815256965611528, 0.10097335887347746, 0.11681760772352227, 0.10465148958078649, 0.12225540483476058, 0.10272875181030221, 0.089068678999329, 0.090528990297109, 0.0858422810145851, 0.09688413556565213, 0.09469825814509973, 0.09300533804370371, 0.09659676614179917, 0.10107851680099224, 0.12932490727860724, 0.04749504711564295, 0.11005219696155188, 0.08841112413879429, 0.12857396779075306, 0.11485432332924973, 0.08167170837613573, 0.10293510377598522, 0.07538960176313611, 0.0809567224135058, 0.11079864380914567, 0.08882539751394787, 0.10494173374395266, 0.24307843838813736, 0.2647278026840729, 0.34454437678317223, 0.3263327475880778, 0.3363723981118001, 0.239917076327689, 0.2542290142954081, 0.22536130632975102, 0.2505931485475798, 0.27034664043686735], [0.8216157930842586, 0.8002186879405273, 0.8154689907980956, 0.8115209694521036, 0.9602298373918896, 0.9680657124048924, 0.9542995657685155, 0.9999999999999998, 0.7993404269806276, 0.6511331024511017, 0.6006250666637913, 0.6536216092584304, 0.663140114421168, 0.6117404686710607, 0.6874830639236343, 0.6945053774103782, 0.6462004209384422, 0.676598135420037, 0.8023900589597189, 0.8204752332677876, 0.8081315854197078, 0.7873563430694964, 0.661797081309232, 0.6779065023727785, 0.6269307969534512, 0.6316928941227307, 0.8185730528280786, 0.729269863693775, 0.7036941555347073, 0.821740846159376, 0.7435441961288717, 0.6804805344412987, 0.7737669234273455, 0.8336490528537845, 0.10109774183566021, 0.0652059512097928, 0.005242355941657936, 0.1229209856632416, 0.14624425037411362, 0.10666699888398044, 0.12641121389972593, 0.12657782846727073, 0.12841938688848378, 0.14816240793796276, 0.1424322543170396, 0.13091165181620282, 0.13725454042627047, 0.10777109626341821, 0.10177460853368367, 0.09448598676418914, 0.10733059714888014, 0.1109855876048246, 0.10027251049391261, 0.19867162270917976, 0.2007991835530163, 0.16732160162441068, 0.2132062397558581, 0.11980134478822836, 0.10307571636649017, 0.15111621129353175, 0.09985824469622026, 0.11476923001412634, 0.09475926323340471, 0.13051335205836082, 0.09535410616016188, 0.06943416983816351, 0.11629342942508523, 0.08818835682456885, 0.10895979432992295, 0.09170420387195848, 0.12579243578258192, 0.10622291777247078, 0.10416884991889276, 0.09094798240503878, 0.10586720124071074, 0.10605995787461371, 0.0990527600490484, 0.1053359915292133, 0.09544628145829064, 0.10227475326827275, 0.12034526646431402, 0.06771200336268687, 0.11527290021115846, 0.08885138491326355, 0.13333299944885857, 0.11227139693883342, 0.09886986793458943, 0.112707244074545, 0.0791378276179439, 0.07942881115545274, 0.09938084236625304, 0.08003081851712829, 0.09872661872054846, 0.27679934599065636, 0.28986397421958665, 0.33918060103586617, 0.33155813524181943, 0.34175488326403675, 0.2685750943393174, 0.27302785838545374, 0.24607253747800914, 0.2733195965295468, 0.2867947200504803], [0.9735368694950549, 0.9662427210598784, 0.9707682967121172, 0.9757578027683674, 0.8207712857252564, 0.7099521406376738, 0.699491217583734, 0.7993404269806276, 1.0000000000000002, 0.7788032115537833, 0.7885559485307936, 0.7941409159634225, 0.8115232763260487, 0.7735158565690342, 0.8088940584887682, 0.7880511992203754, 0.7909947500013491, 0.8089260711554341, 0.9677034043589332, 0.9767836376759373, 0.9707668711028117, 0.9692385906645493, 0.8213456803547647, 0.7951323924707285, 0.7776005128500839, 0.8063371225533003, 0.9659356578106064, 0.8601125045062447, 0.7898359920812955, 0.9656562299983855, 0.8544999366321461, 0.8117054132958437, 0.9560399077697848, 0.9574990413934567, 0.11700402101699428, 0.1330419487796429, 0.06258244159885426, 0.1631440736747299, 0.17849937277514855, 0.17306590369894523, 0.09977947009757732, 0.08982969985670686, 0.0773831688897065, 0.08520568003469417, 0.12172003331539415, 0.11628638783819296, 0.1211127019492346, 0.13778343904219517, 0.12833650369000035, 0.10829886669966587, 0.10585772077651155, 0.16487182142303403, 0.15723714938782682, 0.13270963624956503, 0.14349768427068693, 0.12045200413155868, 0.12623184401591042, 0.13583929508781564, 0.11098864694387256, 0.1403719106422691, 0.1406787239111123, 0.17102376863167348, 0.1581359510082462, 0.18220693051219913, 0.16892884752513915, 0.14617591759697213, 0.17627112437917286, 0.15218667323289975, 0.15725182470909124, 0.13092670204878404, 0.11866954664693277, 0.13594491885374896, 0.14491660044598165, 0.08597450666282848, 0.12896630875551834, 0.15856343938995499, 0.1398565482712263, 0.13170075872414047, 0.10725859195055555, 0.13647076183015003, 0.131956166511425, 0.11135052607229305, 0.14562647631861406, 0.1407559118379355, 0.1410661002990137, 0.1264910754098183, 0.11859168879002134, 0.1341377367081074, 0.09971924722790027, 0.12035270986150566, 0.13320855817966304, 0.11338476170729896, 0.13682238807187747, 0.2144174318913832, 0.21019504679675524, 0.21574848003296015, 0.216621117415686, 0.22705484308327134, 0.1975669235835723, 0.20237199224451086, 0.2249512660430312, 0.22374467958243474, 0.21648527021805358], [0.7955061337241947, 0.7909656228582356, 0.783797946591304, 0.7439796559817301, 0.7012432503875536, 0.5944483582201423, 0.5859309881488031, 0.6511331024511017, 0.7788032115537833, 0.9999999999999999, 0.9700285741850563, 0.9702170755294922, 0.9708136066067826, 0.9683783200707674, 0.6177202104096785, 0.5909116575989629, 0.5840072340637072, 0.6080804367556747, 0.765222210698707, 0.7788454888338008, 0.7679196302744916, 0.7711253340752184, 0.5928099138892207, 0.6410534692414629, 0.5655256323980801, 0.5894675705365945, 0.7627897518349107, 0.6629870027320345, 0.6017353535884506, 0.7685186905463205, 0.6855418123250749, 0.627718827651499, 0.7984440092203039, 0.7979754304288624, 0.07044143427529477, 0.13919606206362806, 0.15440494251487022, 0.04405150493547354, 0.06599053235797064, 0.04990353044656154, 0.048736678762390774, 0.04628725427731029, 0.06577951867844423, 0.05745475943211656, 0.13873886912214659, 0.12801052650631167, 0.11357093458050675, 0.12256859996974842, 0.10711370933083816, 0.12557674860235984, 0.10099281722991468, 0.13788259140034012, 0.11985461828467009, 0.131399021458851, 0.1179140673284757, 0.1368165946783156, 0.1298278051449085, 0.08764042178065146, 0.06459876086051268, 0.12255862179230213, 0.026446369394941268, 0.06368326875370425, 0.05219582029844778, 0.07585879579693061, 0.03843234721993236, 0.04462259779021985, 0.09082111003183162, 0.061259199474481496, 0.03245850774740255, 0.034042275513343996, 0.10199277910944432, 0.11368371489530366, 0.10220622806154099, 0.08047807032794559, 0.07338273219997354, 0.09214467221128567, 0.12124476454734186, 0.10524681913107668, 0.059738610113862306, 0.13424123573908198, 0.10479295547379908, 0.08726273700757871, 0.12789514782619799, 0.10312058700866159, 0.12568987788312452, 0.09833672250044966, 0.08272053302494825, 0.0907193918900265, 0.0818187634382073, 0.08810191639903196, 0.11604394846835214, 0.08121777411878155, 0.11456584315480683, 0.35913240900615256, 0.35007649226618504, 0.31059113875519223, 0.2926959972334192, 0.2886192062749047, 0.37389897338708655, 0.3621683162296893, 0.3766804176302831, 0.36896169388824507, 0.3424822614674411], [0.8056121362001922, 0.8001521626517377, 0.7977607239324529, 0.7658234585112961, 0.6563265506671284, 0.5566733357023983, 0.5314726854597087, 0.6006250666637913, 0.7885559485307936, 0.9700285741850563, 0.9999999999999996, 0.9728677107567646, 0.971318823714692, 0.9784420030813551, 0.6538278962015285, 0.6342318171716844, 0.6280595356313367, 0.6480994199972977, 0.7886232572990811, 0.7933695059311638, 0.8006241346066101, 0.7848062267819246, 0.6298423290306646, 0.6672962515675938, 0.5926611457517764, 0.6323133675657625, 0.7923756264257457, 0.7084196850740191, 0.6435822763232756, 0.7805049679143323, 0.6737241150616496, 0.6269149076980937, 0.8267676579067305, 0.8011322757467787, 0.09245604876630965, 0.13865329883998506, 0.1439271567926359, 0.08134305638637412, 0.12594117263959362, 0.1242675340167711, 0.06299849694613428, 0.04827926652373973, 0.06355542322219543, 0.056758542589251, 0.1614656402983936, 0.1592867530172556, 0.15329460134140524, 0.135854666215829, 0.11371553798365204, 0.13046057978547398, 0.10890889066042944, 0.1455263518509455, 0.12810116035273797, 0.12542620588639986, 0.09930248055074323, 0.1293341333157396, 0.11759490599799084, 0.10240251314999411, 0.06283164493842432, 0.11121229743044507, 0.017169516159312805, 0.060168749846518675, 0.03677669245850208, 0.05356982175034849, 0.024065657115369832, 0.045559613190225196, 0.08355448400810016, 0.053406595275202966, 0.019867308492681868, 0.03208573468727006, 0.0890195247380038, 0.1081654099346428, 0.09921029355748154, 0.0723173898729193, 0.07802216847799807, 0.10014419045482875, 0.12098361158363105, 0.08740644738780483, 0.04566121205761664, 0.12742942922275302, 0.0984362307946729, 0.08394332634240093, 0.1170963411857105, 0.11841595603722417, 0.12428279888648401, 0.087062971114856, 0.0903510381402794, 0.09447525895188995, 0.07870387545663925, 0.08454516027315594, 0.1128960243004068, 0.08056326644187504, 0.10546828699283438, 0.3117006441808505, 0.300377287532608, 0.2577588786140413, 0.26475080271798596, 0.260455923116074, 0.3294959486212186, 0.3182159269215868, 0.3381975280624321, 0.33249844165415676, 0.2912768169416271], [0.7970031059120802, 0.7893263313047131, 0.8012522165653186, 0.7599922436181865, 0.6951709726737694, 0.599594570530255, 0.5858579785721433, 0.6536216092584304, 0.7941409159634225, 0.9702170755294922, 0.9728677107567646, 0.9999999999999998, 0.986668445880738, 0.9797720715761498, 0.6340697083211673, 0.6168490162326168, 0.603934307673842, 0.6165953841675801, 0.7794580924991514, 0.7877695746251157, 0.7896683158324789, 0.7749364721262516, 0.5994159876407289, 0.6474631367368245, 0.5721412723211041, 0.6096719895130778, 0.779210900624526, 0.6699371023141742, 0.6062095904736601, 0.7776646768288212, 0.6656316046071904, 0.5979301821689653, 0.811231004440542, 0.8110323320176092, 0.11328010061016638, 0.16888813269909983, 0.15310928586003375, 0.08342986546068089, 0.138103852171035, 0.1342202030183123, 0.10701708254389501, 0.09270125026533109, 0.12069259118680364, 0.11003139861688382, 0.17740926478206723, 0.19954727588049037, 0.1874559921818095, 0.1535120857078777, 0.1394786697018552, 0.14443291696139884, 0.12714719400094474, 0.15277406778068267, 0.1311428076857011, 0.14890106138111628, 0.1334888024969034, 0.15378123860208084, 0.14811431991074214, 0.11550387773947911, 0.09346127066804595, 0.14652052640796204, 0.0447273395632233, 0.07885591876040499, 0.058315055104802574, 0.07400338731763503, 0.047074089051414386, 0.06069497263865108, 0.10470878738366073, 0.07928546960565554, 0.04825505673369212, 0.06270627037034934, 0.0664376452313064, 0.07132857406527539, 0.07626957838191335, 0.04020483493659964, 0.04183851818825329, 0.071383561085488, 0.10018746524942494, 0.06412050262098518, 0.012440993171434826, 0.10492058899692278, 0.060905330776082296, 0.058992293062460954, 0.09166317192513829, 0.08564738448652419, 0.08270436872327015, 0.06203335793057203, 0.0601219601071202, 0.06442642552215347, 0.046378384591444874, 0.05540437993398797, 0.0886926872301969, 0.04114674648417982, 0.0747707622726449, 0.3584680288699723, 0.3492608089340398, 0.31617087830025153, 0.31128399196245726, 0.3099421763902293, 0.3623220508725579, 0.3487107097765501, 0.3745085350829773, 0.37075078555180807, 0.3530315432383182], [0.8148039076806677, 0.8146349046749226, 0.8173377171186167, 0.7776794694683485, 0.6983881785354342, 0.609734515656643, 0.5946032965876386, 0.663140114421168, 0.8115232763260487, 0.9708136066067826, 0.971318823714692, 0.986668445880738, 0.9999999999999997, 0.9718759460978389, 0.630843010638819, 0.6141868332624176, 0.6079570262791794, 0.6246056298227544, 0.7999392744027898, 0.8043526596483478, 0.800732283035126, 0.7916730594137356, 0.6373362419763123, 0.6778635909513405, 0.6055899754276521, 0.6390478126055814, 0.7828539256278599, 0.6900748033019627, 0.6214545702618189, 0.7895786448263541, 0.7043760002417012, 0.6326502440160063, 0.833395954778699, 0.8207681271530213, 0.11925716077874471, 0.16398767763686295, 0.1492770356557656, 0.0849646804036151, 0.13194712229257058, 0.12491485270862461, 0.09674313127584296, 0.08239945736531391, 0.10107611762562956, 0.09549357492860996, 0.16865039766929893, 0.19750917650299396, 0.18286289441602294, 0.15072702432688914, 0.14339254926367861, 0.1450188782527587, 0.12646434446909377, 0.1577528598234784, 0.14424423406249198, 0.1338084395194866, 0.11472855001374874, 0.13165201012907743, 0.1302844250054572, 0.11513681414353433, 0.1016023132507389, 0.14840315617988636, 0.03150231861473012, 0.0699611505654681, 0.052957740170949875, 0.06585814481348916, 0.041876195731967714, 0.053668490398400825, 0.09695042444626453, 0.06912039889460188, 0.04119666749644625, 0.051320213728694254, 0.08051784611618268, 0.09091587363887081, 0.09395389287182103, 0.050179345290592314, 0.0670849003437563, 0.08723199676349139, 0.1076358835214065, 0.07886073870766853, 0.03268868360841909, 0.11885744940684967, 0.08286264217848381, 0.07166655565601104, 0.10324376938044263, 0.09642458733146322, 0.09932813277891513, 0.0820609655876274, 0.07939447306325699, 0.08076087095725952, 0.06462960555516385, 0.06846441404433448, 0.09987981121407154, 0.06321167993231228, 0.08400220294762256, 0.34979198075535217, 0.3409533540561735, 0.3078507715124022, 0.30225686008716346, 0.30312057012685567, 0.35030367094053727, 0.3331852668455324, 0.35981344910121604, 0.35368153930917806, 0.3395023981586414], [0.789113923630856, 0.7744426626788554, 0.779819581794833, 0.74568593370897, 0.6524656850753063, 0.567707953298334, 0.5542805281120944, 0.6117404686710607, 0.7735158565690342, 0.9683783200707674, 0.9784420030813551, 0.9797720715761498, 0.9718759460978389, 1.0000000000000007, 0.6417879279417372, 0.5952089531057824, 0.595325032869732, 0.6086870971595475, 0.7723315693311462, 0.77096709828454, 0.7777022144292043, 0.7738329572350456, 0.6008515123650802, 0.6415106925508168, 0.5813191182849808, 0.6122561706394033, 0.7639852085940749, 0.6899691492239525, 0.6191795947746002, 0.7582315360531319, 0.6474548556398851, 0.5977988950488066, 0.8169796150102414, 0.8054868601085183, 0.09178678079540567, 0.14944211988703288, 0.15504816084154527, 0.07310766140519369, 0.11383172446164987, 0.11297033561244832, 0.0673777952514086, 0.0627624129852426, 0.08902089953391806, 0.07422389802295906, 0.16975262334270197, 0.18388516782646597, 0.16723469552714584, 0.14718397752586335, 0.14155718097038908, 0.15374452570999406, 0.13687229783124436, 0.149732201555349, 0.1204357754032615, 0.13905084142640187, 0.11246439540464571, 0.1366886500273589, 0.1308522733532038, 0.09701080243168174, 0.0751493222721632, 0.13827837208685026, 0.044644436216077985, 0.07422020660605834, 0.05651254934984842, 0.0713855660606337, 0.04404983049137398, 0.053659758000271854, 0.10444368831653715, 0.06313644571240207, 0.038728138703390154, 0.04956228084457903, 0.11333633207656997, 0.11018726904670079, 0.10846243269027579, 0.0787566150060705, 0.07469298270705134, 0.09792570006454095, 0.12920451643655087, 0.09851198870413252, 0.046408786518363214, 0.13426189086688636, 0.10054939505909216, 0.08925239393691058, 0.12376293801305176, 0.12325090150698166, 0.11554811768702422, 0.08542250085476932, 0.09099528829989592, 0.09121104759304571, 0.08210517382796437, 0.0932619202127352, 0.12387615449783848, 0.07650543271804286, 0.10873931637433285, 0.31531766722405824, 0.31028466626272994, 0.27565629866972596, 0.2739073387549684, 0.27299867891648655, 0.3495481232400923, 0.33904587167924105, 0.35271525027558137, 0.34746944145906455, 0.3109809441816698], [0.8238544159735969, 0.8059607968665765, 0.8152358327741298, 0.8564329785071925, 0.6916296629313599, 0.6165737674699352, 0.6173811594241448, 0.6874830639236343, 0.8088940584887682, 0.6177202104096785, 0.6538278962015285, 0.6340697083211673, 0.630843010638819, 0.6417879279417372, 1.0000000000000002, 0.9509645967919781, 0.937619695461945, 0.955099804245066, 0.8176287125073114, 0.8195075363784697, 0.8429101451961373, 0.8046763536023434, 0.7213037488777396, 0.7080520568639648, 0.7236901598303258, 0.6981981417688561, 0.8466514771998401, 0.7368708531033832, 0.6902150724338155, 0.8421879245040893, 0.7502974999945482, 0.7119869710047861, 0.8292877945398653, 0.8501709798958129, 0.054856707275700106, 0.08603992513971923, 0.015923537805861036, 0.09674698995810099, 0.1398793648129134, 0.12858136982756, 0.01965729790940895, 0.045333269363626263, 0.03674153830753614, 0.0511469868930712, 0.06607300370502436, 0.06143411152148555, 0.07746391388191665, 0.11257013017677477, 0.11574111953479667, 0.07716560081399511, 0.10544426206723043, 0.0929232077844489, 0.07126805906921357, 0.26372306624305936, 0.2364077315789984, 0.21416613636146778, 0.2116319368818894, 0.07843583183683824, 0.0658990290284854, 0.08171575270572254, 0.11283412437212112, 0.14158095673426582, 0.1335592154246764, 0.15483647698274683, 0.10773600461629253, 0.11500931567500379, 0.14056589764459765, 0.10612455338412957, 0.11934198086815255, 0.11517445088159234, 0.18408585546668255, 0.1904305091488139, 0.17659901400570205, 0.1593976882026089, 0.19969408301415087, 0.17701324532624324, 0.1640904352551221, 0.1549861866930892, 0.14687680957821972, 0.18816182293859812, 0.18183637116128445, 0.16057323596829504, 0.16611237594537998, 0.1880667016801737, 0.21203725869162285, 0.1318240089624234, 0.1603378190811833, 0.17691238863829284, 0.1493695246859901, 0.20595136764954888, 0.17548900796109526, 0.18096695417915204, 0.18104643936458858, 0.12057317255066585, 0.12502750727673767, 0.13999867524380463, 0.17981494895375366, 0.1762120921130771, 0.09955843827048194, 0.15158283831360062, 0.13414609726587665, 0.13039582930184163, 0.14261945560817102], [0.8017408835538677, 0.7979550642256321, 0.8046014372723305, 0.8444894423129652, 0.7086162862891516, 0.6387592071170611, 0.6196122800382604, 0.6945053774103782, 0.7880511992203754, 0.5909116575989629, 0.6342318171716844, 0.6168490162326168, 0.6141868332624176, 0.5952089531057824, 0.9509645967919781, 0.9999999999999998, 0.9696754411602254, 0.9755652006387782, 0.8067501427552033, 0.8156097133344499, 0.8328476434568677, 0.7779205186062185, 0.6730935653924547, 0.6736238380499864, 0.6746509843458611, 0.6390605224000852, 0.8446373328430046, 0.6981758897655916, 0.6689108516141059, 0.8448175735333758, 0.7533666745869984, 0.6970167617899407, 0.8034318056067011, 0.8320767579551154, 0.07145972454171565, 0.087848682896972, 0.019481301499260084, 0.09600648589505768, 0.144547725692166, 0.13847863032334456, 0.041655138617673906, 0.05443146307043042, 0.036944398647396216, 0.06286292845495871, 0.08758688184121084, 0.0794292204460558, 0.10496411948290112, 0.1277094993472104, 0.12049208582760118, 0.07900299129192508, 0.11146530002979214, 0.09496695144246754, 0.09925709517885163, 0.2522807906951035, 0.2159181574912357, 0.19706002533108427, 0.19452312045040465, 0.09296743919790668, 0.0653943692412446, 0.08764420837954247, 0.1359383084125596, 0.15254702303158385, 0.13834168304909852, 0.16810246190516956, 0.11013867302172213, 0.13827401242025672, 0.14142007542082702, 0.1376737906704356, 0.13419354439842385, 0.1439238845602219, 0.1736325542589662, 0.19840693197826986, 0.1771529387614116, 0.16301385964582762, 0.20297597538576148, 0.1871837759608144, 0.16799536132956142, 0.15726538020759276, 0.14016636905030314, 0.19049736568638612, 0.17558682948229415, 0.16926696014784826, 0.1755067196009098, 0.17822725963568295, 0.22184546383713452, 0.1361905979423782, 0.16678316216776007, 0.1879417595299898, 0.1465121854484033, 0.19550914873724576, 0.17354836136276303, 0.1793906760877176, 0.1880754460900361, 0.1291326876625417, 0.13588253816929105, 0.1383574166167403, 0.19016179485907672, 0.18628759990525878, 0.0981070041731534, 0.14473901590335622, 0.12661128970918026, 0.12629674148472422, 0.1505875808907381], [0.7924282774610604, 0.7816782065752084, 0.786955092625658, 0.8351100741944207, 0.6665607354169075, 0.5829734132856108, 0.5734807077641927, 0.6462004209384422, 0.7909947500013491, 0.5840072340637072, 0.6280595356313367, 0.603934307673842, 0.6079570262791794, 0.595325032869732, 0.937619695461945, 0.9696754411602254, 0.9999999999999996, 0.9861865896891477, 0.7926406468256177, 0.7975957767117051, 0.8105222727925988, 0.7551748470145463, 0.655881959617767, 0.647098326094617, 0.6687693016989518, 0.6321957620194717, 0.818457274536836, 0.7469360218122963, 0.7004912917132493, 0.8101896705750293, 0.7434124720677406, 0.705002216084093, 0.8044170401523698, 0.8167103090120227, 0.0639458456905521, 0.09802948314751145, 0.02366349396794534, 0.09885688806804621, 0.1367611304364869, 0.13339028264743044, 0.025254506997600033, 0.04347704657281581, 0.04433469801993042, 0.05186450573688921, 0.07555504768547562, 0.07962116889966775, 0.10369781112748871, 0.1263226550822571, 0.09882603630143973, 0.06701463217794552, 0.09821770745928372, 0.10693236059011509, 0.08310630173276605, 0.23755586096185907, 0.21747597970313762, 0.19498008157536142, 0.18128156112032762, 0.0964844159040697, 0.07875093421461557, 0.09217675921288884, 0.10495649305488619, 0.12467204553112127, 0.11865366284307886, 0.14206029116809396, 0.08677019399408328, 0.10634187907176264, 0.12098133430473974, 0.1080262716608326, 0.1096373330550179, 0.1074791405870277, 0.1788928114217057, 0.184681146842946, 0.16059946939527353, 0.1453053570468604, 0.190421691671874, 0.16847257323163936, 0.15050714715547608, 0.1425359761474602, 0.1363982916618543, 0.17541612366354847, 0.1691029880331273, 0.15430943989118537, 0.1515941272944854, 0.17198999036232843, 0.2018988951259851, 0.11339647891346577, 0.15074618483083033, 0.16173336736342975, 0.13556103358365332, 0.18974457788326074, 0.16291289280908858, 0.1638888216407436, 0.18072827174815156, 0.12296200891413564, 0.13243001855813957, 0.13960180067486308, 0.1912927845939463, 0.1912875814747457, 0.09213385822082598, 0.14836590335261887, 0.12720508319730775, 0.1177837849792144, 0.15120575250491536], [0.8153661122425645, 0.8055732172625756, 0.8115639905481462, 0.8552129250826664, 0.6956937002894571, 0.6202789712624851, 0.6093548938769732, 0.676598135420037, 0.8089260711554341, 0.6080804367556747, 0.6480994199972977, 0.6165953841675801, 0.6246056298227544, 0.6086870971595475, 0.955099804245066, 0.9755652006387782, 0.9861865896891477, 1.0000000000000004, 0.814573332522216, 0.8178424398707929, 0.8311680641566198, 0.7783080261158244, 0.6733832033336106, 0.6610488753996736, 0.6658896465593069, 0.6419649535274261, 0.8397651658256665, 0.7459293766314299, 0.6954601936111782, 0.8358421857182581, 0.7475764483550319, 0.7191476526329172, 0.8236036849301513, 0.8323580930298503, 0.05528611176503459, 0.0818889618508813, 0.021442342721470466, 0.10738858058936507, 0.14773497284696804, 0.13253514612413714, 0.017576112336862598, 0.037784889277783694, 0.023964562636910106, 0.038011481535077156, 0.05676337862462308, 0.04591265004092787, 0.06828811901074966, 0.11436285652000697, 0.08837162498104353, 0.05509498849012725, 0.0843607148229802, 0.08564050222839716, 0.07091089395584094, 0.23936855029598145, 0.20887830199414592, 0.18822212121440804, 0.18204389076432095, 0.08351967780347991, 0.06607377999947006, 0.07808032249420437, 0.1208937431017548, 0.1446267607600777, 0.14333905981856052, 0.16552543884378493, 0.11721019613334269, 0.1273819655341627, 0.13721881775319825, 0.1251058690748497, 0.13131849343564037, 0.1260202250287521, 0.198266716812856, 0.20555337923257094, 0.19038688050507505, 0.17084810685666244, 0.21274668804693725, 0.19700527880191787, 0.17633140671188377, 0.17092225049312468, 0.16717223394254235, 0.20179259197002622, 0.20118767188796574, 0.18021071276801803, 0.18064262198417863, 0.1979084100399663, 0.23275166258288285, 0.15554925466221492, 0.17512845390176499, 0.19511619468668945, 0.16090082287722854, 0.21552108538690454, 0.19144578519822847, 0.19557487986132288, 0.20769068027641294, 0.15226394952511002, 0.15668028672277814, 0.1636859246415013, 0.21154562136700164, 0.2077068993828775, 0.11712049465756164, 0.17217762150126223, 0.1481715601636575, 0.14322823979791796, 0.17115029469670012], [0.9780753065936882, 0.9799394731351896, 0.9804100320696872, 0.9742323515591288, 0.8140109001030155, 0.7305659987589793, 0.6985860715164255, 0.8023900589597189, 0.9677034043589332, 0.765222210698707, 0.7886232572990811, 0.7794580924991514, 0.7999392744027898, 0.7723315693311462, 0.8176287125073114, 0.8067501427552033, 0.7926406468256177, 0.814573332522216, 1.0, 0.9850808649477986, 0.975623404358608, 0.9793070537092987, 0.8434746197205223, 0.8314885923295171, 0.8136226409453405, 0.8305660959957704, 0.9732702169377393, 0.8636184206778094, 0.8049143180574215, 0.9744360398830131, 0.8641116323994024, 0.8197972560976919, 0.9730492823169007, 0.9657650005019042, 0.06160054935981058, 0.05988085368650179, 0.0015512356020536161, 0.1022876559475135, 0.1128463217359829, 0.11002741601793081, 0.08881307718989627, 0.07669030617872004, 0.05306907657457489, 0.07266080426001237, 0.09612946411994253, 0.0860357243192125, 0.09140494531819986, 0.08056935906181281, 0.09730643416387708, 0.07936836962204719, 0.07651778469289705, 0.10956352887592534, 0.10667937451064803, 0.09198567991513294, 0.09324328332914436, 0.07575736645197775, 0.09736291450202406, 0.07238890135983077, 0.03994991748688602, 0.0779901568318126, 0.13975016671713103, 0.16164415047404712, 0.1428593973868651, 0.17372972377110552, 0.15549796222580947, 0.1356177337719904, 0.15471678447871595, 0.14825687323320133, 0.1345481354531756, 0.13238263111329862, 0.12664190772009354, 0.14824691347846225, 0.15549656210572174, 0.10191423431113561, 0.14036352985609835, 0.1547588228211344, 0.14892732821729715, 0.13225320117669542, 0.11522151277223158, 0.13833862650602347, 0.1366661145279981, 0.11704394899694703, 0.1569318992103577, 0.1448382202257864, 0.15028368151670676, 0.12473123333865921, 0.1253656878923446, 0.14694561173032555, 0.1078442109108703, 0.12979290622944664, 0.1355664744265375, 0.126111569559615, 0.13541709818216574, 0.19180269347175813, 0.19003585126291261, 0.19197958987613842, 0.2000633134758783, 0.20538